(kicad_pcb (version 20171130) (host pcbnew "(5.1.10-1-10_14)")

  (general
    (thickness 1.6)
    (drawings 8)
    (tracks 726)
    (zones 0)
    (modules 60)
    (nets 41)
  )

  (page A4)
  (layers
    (0 F.Cu signal)
    (31 B.Cu signal)
    (32 B.Adhes user)
    (33 F.Adhes user)
    (34 B.Paste user)
    (35 F.Paste user)
    (36 B.SilkS user)
    (37 F.SilkS user)
    (38 B.Mask user)
    (39 F.Mask user)
    (40 Dwgs.User user)
    (41 Cmts.User user)
    (42 Eco1.User user)
    (43 Eco2.User user)
    (44 Edge.Cuts user)
    (45 Margin user)
    (46 B.CrtYd user)
    (47 F.CrtYd user)
    (48 B.Fab user)
    (49 F.Fab user)
  )

  (setup
    (last_trace_width 0.25)
    (user_trace_width 0.2)
    (user_trace_width 0.3)
    (user_trace_width 0.4)
    (user_trace_width 0.5)
    (user_trace_width 0.6)
    (user_trace_width 0.7)
    (user_trace_width 0.8)
    (user_trace_width 0.85)
    (user_trace_width 1)
    (trace_clearance 0.2)
    (zone_clearance 0.2)
    (zone_45_only no)
    (trace_min 0.2)
    (via_size 0.8)
    (via_drill 0.4)
    (via_min_size 0.4)
    (via_min_drill 0.3)
    (user_via 0.6 0.3)
    (uvia_size 0.3)
    (uvia_drill 0.1)
    (uvias_allowed no)
    (uvia_min_size 0.2)
    (uvia_min_drill 0.1)
    (edge_width 0.05)
    (segment_width 0.2)
    (pcb_text_width 0.3)
    (pcb_text_size 1.5 1.5)
    (mod_edge_width 0.12)
    (mod_text_size 1 1)
    (mod_text_width 0.15)
    (pad_size 2 2)
    (pad_drill 1)
    (pad_to_mask_clearance 0)
    (aux_axis_origin 0 0)
    (visible_elements FFFFFF7F)
    (pcbplotparams
      (layerselection 0x010fc_ffffffff)
      (usegerberextensions true)
      (usegerberattributes false)
      (usegerberadvancedattributes true)
      (creategerberjobfile false)
      (excludeedgelayer true)
      (linewidth 0.100000)
      (plotframeref false)
      (viasonmask false)
      (mode 1)
      (useauxorigin false)
      (hpglpennumber 1)
      (hpglpenspeed 20)
      (hpglpendiameter 15.000000)
      (psnegative false)
      (psa4output false)
      (plotreference true)
      (plotvalue true)
      (plotinvisibletext false)
      (padsonsilk false)
      (subtractmaskfromsilk false)
      (outputformat 1)
      (mirror false)
      (drillshape 0)
      (scaleselection 1)
      (outputdirectory "gerber/"))
  )

  (net 0 "")
  (net 1 GND)
  (net 2 +3V3)
  (net 3 /VBUS)
  (net 4 +5V)
  (net 5 +1V1)
  (net 6 /D-)
  (net 7 /D+)
  (net 8 "Net-(D4-Pad2)")
  (net 9 /LED)
  (net 10 "Net-(J1-PadB5)")
  (net 11 "Net-(J1-PadA5)")
  (net 12 /UART_TX)
  (net 13 /UART_RX)
  (net 14 /~SRST)
  (net 15 /TDO_SWO)
  (net 16 /TCK_SWCLK)
  (net 17 /TMS_SWDIO)
  (net 18 /TDI)
  (net 19 /~TRST)
  (net 20 "Net-(R1-Pad1)")
  (net 21 /QSPI_CSN)
  (net 22 /XIN)
  (net 23 /QSPI_SD3)
  (net 24 /QSPI_SCLK)
  (net 25 /QSPI_SD0)
  (net 26 /QSPI_SD2)
  (net 27 /QSPI_SD1)
  (net 28 "Net-(D3-Pad2)")
  (net 29 /VO)
  (net 30 "Net-(J4-Pad15)")
  (net 31 "Net-(J4-Pad13)")
  (net 32 "Net-(J4-Pad9)")
  (net 33 "Net-(J4-Pad7)")
  (net 34 "Net-(J4-Pad5)")
  (net 35 "Net-(J4-Pad3)")
  (net 36 "Net-(D2-Pad1)")
  (net 37 /RD-)
  (net 38 /RD+)
  (net 39 "Net-(C7-Pad1)")
  (net 40 "Net-(R12-Pad1)")

  (net_class Default "This is the default net class."
    (clearance 0.2)
    (trace_width 0.25)
    (via_dia 0.8)
    (via_drill 0.4)
    (uvia_dia 0.3)
    (uvia_drill 0.1)
    (add_net +1V1)
    (add_net +3V3)
    (add_net +5V)
    (add_net /D+)
    (add_net /D-)
    (add_net /LED)
    (add_net /QSPI_CSN)
    (add_net /QSPI_SCLK)
    (add_net /QSPI_SD0)
    (add_net /QSPI_SD1)
    (add_net /QSPI_SD2)
    (add_net /QSPI_SD3)
    (add_net /RD+)
    (add_net /RD-)
    (add_net /TCK_SWCLK)
    (add_net /TDI)
    (add_net /TDO_SWO)
    (add_net /TMS_SWDIO)
    (add_net /UART_RX)
    (add_net /UART_TX)
    (add_net /VBUS)
    (add_net /VO)
    (add_net /XIN)
    (add_net /~SRST)
    (add_net /~TRST)
    (add_net GND)
    (add_net "Net-(C7-Pad1)")
    (add_net "Net-(D2-Pad1)")
    (add_net "Net-(D3-Pad2)")
    (add_net "Net-(D4-Pad2)")
    (add_net "Net-(J1-PadA5)")
    (add_net "Net-(J1-PadB5)")
    (add_net "Net-(J4-Pad13)")
    (add_net "Net-(J4-Pad15)")
    (add_net "Net-(J4-Pad3)")
    (add_net "Net-(J4-Pad5)")
    (add_net "Net-(J4-Pad7)")
    (add_net "Net-(J4-Pad9)")
    (add_net "Net-(R1-Pad1)")
    (add_net "Net-(R12-Pad1)")
  )

  (module Capacitor_SMD:C_0603_1608Metric (layer F.Cu) (tedit 5F68FEEE) (tstamp 628A0423)
    (at 111.99 69.81 90)
    (descr "Capacitor SMD 0603 (1608 Metric), square (rectangular) end terminal, IPC_7351 nominal, (Body size source: IPC-SM-782 page 76, https://www.pcb-3d.com/wordpress/wp-content/uploads/ipc-sm-782a_amendment_1_and_2.pdf), generated with kicad-footprint-generator")
    (tags capacitor)
    (path /623F7487)
    (attr smd)
    (fp_text reference C5 (at 2.47 0.06 90) (layer F.SilkS)
      (effects (font (size 1 1) (thickness 0.15)))
    )
    (fp_text value 1uF (at 0 1.43 90) (layer F.Fab)
      (effects (font (size 1 1) (thickness 0.15)))
    )
    (fp_line (start 1.48 0.73) (end -1.48 0.73) (layer F.CrtYd) (width 0.05))
    (fp_line (start 1.48 -0.73) (end 1.48 0.73) (layer F.CrtYd) (width 0.05))
    (fp_line (start -1.48 -0.73) (end 1.48 -0.73) (layer F.CrtYd) (width 0.05))
    (fp_line (start -1.48 0.73) (end -1.48 -0.73) (layer F.CrtYd) (width 0.05))
    (fp_line (start -0.14058 0.51) (end 0.14058 0.51) (layer F.SilkS) (width 0.12))
    (fp_line (start -0.14058 -0.51) (end 0.14058 -0.51) (layer F.SilkS) (width 0.12))
    (fp_line (start 0.8 0.4) (end -0.8 0.4) (layer F.Fab) (width 0.1))
    (fp_line (start 0.8 -0.4) (end 0.8 0.4) (layer F.Fab) (width 0.1))
    (fp_line (start -0.8 -0.4) (end 0.8 -0.4) (layer F.Fab) (width 0.1))
    (fp_line (start -0.8 0.4) (end -0.8 -0.4) (layer F.Fab) (width 0.1))
    (fp_text user %R (at 0 0 90) (layer F.Fab)
      (effects (font (size 0.4 0.4) (thickness 0.06)))
    )
    (pad 1 smd roundrect (at -0.775 0 90) (size 0.9 0.95) (layers F.Cu F.Paste F.Mask) (roundrect_rratio 0.25)
      (net 2 +3V3))
    (pad 2 smd roundrect (at 0.775 0 90) (size 0.9 0.95) (layers F.Cu F.Paste F.Mask) (roundrect_rratio 0.25)
      (net 1 GND))
    (model ${KISYS3DMOD}/Capacitor_SMD.3dshapes/C_0603_1608Metric.wrl
      (at (xyz 0 0 0))
      (scale (xyz 1 1 1))
      (rotate (xyz 0 0 0))
    )
  )

  (module Capacitor_SMD:C_0603_1608Metric (layer B.Cu) (tedit 5F68FEEE) (tstamp 628A4014)
    (at 110.89 62.59 180)
    (descr "Capacitor SMD 0603 (1608 Metric), square (rectangular) end terminal, IPC_7351 nominal, (Body size source: IPC-SM-782 page 76, https://www.pcb-3d.com/wordpress/wp-content/uploads/ipc-sm-782a_amendment_1_and_2.pdf), generated with kicad-footprint-generator")
    (tags capacitor)
    (path /6246ADA9)
    (attr smd)
    (fp_text reference C16 (at -0.02 1.44 180) (layer B.SilkS)
      (effects (font (size 1 1) (thickness 0.15)) (justify mirror))
    )
    (fp_text value 0.1uF (at 0 -1.43 180) (layer B.Fab)
      (effects (font (size 1 1) (thickness 0.15)) (justify mirror))
    )
    (fp_line (start 1.48 -0.73) (end -1.48 -0.73) (layer B.CrtYd) (width 0.05))
    (fp_line (start 1.48 0.73) (end 1.48 -0.73) (layer B.CrtYd) (width 0.05))
    (fp_line (start -1.48 0.73) (end 1.48 0.73) (layer B.CrtYd) (width 0.05))
    (fp_line (start -1.48 -0.73) (end -1.48 0.73) (layer B.CrtYd) (width 0.05))
    (fp_line (start -0.14058 -0.51) (end 0.14058 -0.51) (layer B.SilkS) (width 0.12))
    (fp_line (start -0.14058 0.51) (end 0.14058 0.51) (layer B.SilkS) (width 0.12))
    (fp_line (start 0.8 -0.4) (end -0.8 -0.4) (layer B.Fab) (width 0.1))
    (fp_line (start 0.8 0.4) (end 0.8 -0.4) (layer B.Fab) (width 0.1))
    (fp_line (start -0.8 0.4) (end 0.8 0.4) (layer B.Fab) (width 0.1))
    (fp_line (start -0.8 -0.4) (end -0.8 0.4) (layer B.Fab) (width 0.1))
    (fp_text user %R (at 0 0 180) (layer B.Fab)
      (effects (font (size 0.4 0.4) (thickness 0.06)) (justify mirror))
    )
    (pad 2 smd roundrect (at 0.775 0 180) (size 0.9 0.95) (layers B.Cu B.Paste B.Mask) (roundrect_rratio 0.25)
      (net 1 GND))
    (pad 1 smd roundrect (at -0.775 0 180) (size 0.9 0.95) (layers B.Cu B.Paste B.Mask) (roundrect_rratio 0.25)
      (net 5 +1V1))
    (model ${KISYS3DMOD}/Capacitor_SMD.3dshapes/C_0603_1608Metric.wrl
      (at (xyz 0 0 0))
      (scale (xyz 1 1 1))
      (rotate (xyz 0 0 0))
    )
  )

  (module Capacitor_SMD:C_0603_1608Metric (layer F.Cu) (tedit 5F68FEEE) (tstamp 628B41BC)
    (at 122.45 67.28 180)
    (descr "Capacitor SMD 0603 (1608 Metric), square (rectangular) end terminal, IPC_7351 nominal, (Body size source: IPC-SM-782 page 76, https://www.pcb-3d.com/wordpress/wp-content/uploads/ipc-sm-782a_amendment_1_and_2.pdf), generated with kicad-footprint-generator")
    (tags capacitor)
    (path /623F8F70)
    (attr smd)
    (fp_text reference C13 (at 0.64 1.46) (layer F.SilkS)
      (effects (font (size 1 1) (thickness 0.15)))
    )
    (fp_text value 0.1uF (at 0 1.43) (layer F.Fab)
      (effects (font (size 1 1) (thickness 0.15)))
    )
    (fp_line (start 1.48 0.73) (end -1.48 0.73) (layer F.CrtYd) (width 0.05))
    (fp_line (start 1.48 -0.73) (end 1.48 0.73) (layer F.CrtYd) (width 0.05))
    (fp_line (start -1.48 -0.73) (end 1.48 -0.73) (layer F.CrtYd) (width 0.05))
    (fp_line (start -1.48 0.73) (end -1.48 -0.73) (layer F.CrtYd) (width 0.05))
    (fp_line (start -0.14058 0.51) (end 0.14058 0.51) (layer F.SilkS) (width 0.12))
    (fp_line (start -0.14058 -0.51) (end 0.14058 -0.51) (layer F.SilkS) (width 0.12))
    (fp_line (start 0.8 0.4) (end -0.8 0.4) (layer F.Fab) (width 0.1))
    (fp_line (start 0.8 -0.4) (end 0.8 0.4) (layer F.Fab) (width 0.1))
    (fp_line (start -0.8 -0.4) (end 0.8 -0.4) (layer F.Fab) (width 0.1))
    (fp_line (start -0.8 0.4) (end -0.8 -0.4) (layer F.Fab) (width 0.1))
    (fp_text user %R (at 0 0) (layer F.Fab)
      (effects (font (size 0.4 0.4) (thickness 0.06)))
    )
    (pad 2 smd roundrect (at 0.775 0 180) (size 0.9 0.95) (layers F.Cu F.Paste F.Mask) (roundrect_rratio 0.25)
      (net 1 GND))
    (pad 1 smd roundrect (at -0.775 0 180) (size 0.9 0.95) (layers F.Cu F.Paste F.Mask) (roundrect_rratio 0.25)
      (net 2 +3V3))
    (model ${KISYS3DMOD}/Capacitor_SMD.3dshapes/C_0603_1608Metric.wrl
      (at (xyz 0 0 0))
      (scale (xyz 1 1 1))
      (rotate (xyz 0 0 0))
    )
  )

  (module rp2040:RP2040_QFN56_HandSolderHack (layer B.Cu) (tedit 62867632) (tstamp 624A02A4)
    (at 118.38 65.36 270)
    (path /623D1AB3)
    (attr smd)
    (fp_text reference U3 (at 0 5.2 90) (layer B.SilkS)
      (effects (font (size 1 1) (thickness 0.15)) (justify mirror))
    )
    (fp_text value RP2040 (at 0 -5.2 90) (layer B.Fab)
      (effects (font (size 1 1) (thickness 0.15)) (justify mirror))
    )
    (fp_line (start -4.2 -4.2) (end -4.2 4.2) (layer B.CrtYd) (width 0.05))
    (fp_line (start 4.2 -4.2) (end -4.2 -4.2) (layer B.CrtYd) (width 0.05))
    (fp_line (start 4.2 4.2) (end 4.2 -4.2) (layer B.CrtYd) (width 0.05))
    (fp_line (start -4.2 4.2) (end 4.2 4.2) (layer B.CrtYd) (width 0.05))
    (fp_line (start -3 3.65) (end -3.9375 3.65) (layer B.SilkS) (width 0.12))
    (fp_line (start -3.65 -3.65) (end -3.65 -3) (layer B.SilkS) (width 0.12))
    (fp_line (start -3 -3.65) (end -3.65 -3.65) (layer B.SilkS) (width 0.12))
    (fp_line (start 3.65 -3.65) (end 3.65 -3) (layer B.SilkS) (width 0.12))
    (fp_line (start 3 -3.65) (end 3.65 -3.65) (layer B.SilkS) (width 0.12))
    (fp_line (start 3.65 3.65) (end 3.65 3) (layer B.SilkS) (width 0.12))
    (fp_line (start 3 3.65) (end 3.65 3.65) (layer B.SilkS) (width 0.12))
    (fp_line (start 3.5 3.5) (end -2.5 3.5) (layer B.Fab) (width 0.15))
    (fp_line (start 3.5 -3.5) (end 3.5 3.5) (layer B.Fab) (width 0.15))
    (fp_line (start -3.5 -3.5) (end 3.5 -3.5) (layer B.Fab) (width 0.15))
    (fp_line (start -3.5 2.5) (end -3.5 -3.5) (layer B.Fab) (width 0.15))
    (fp_line (start -2.5 3.5) (end -3.5 2.5) (layer B.Fab) (width 0.15))
    (pad 57 thru_hole circle (at 0 0 270) (size 2 2) (drill 1) (layers *.Cu *.Mask)
      (net 1 GND))
    (pad 57 smd rect (at 1.2 -1.2 270) (size 0.8 0.8) (layers B.Cu B.Paste B.Mask)
      (net 1 GND) (solder_paste_margin -0.75))
    (pad 57 smd rect (at 1.2 -0.4 270) (size 0.8 0.8) (layers B.Cu B.Paste B.Mask)
      (net 1 GND) (solder_paste_margin -0.75))
    (pad 57 smd rect (at 1.2 0.4 270) (size 0.8 0.8) (layers B.Cu B.Paste B.Mask)
      (net 1 GND) (solder_paste_margin -0.75))
    (pad 57 smd rect (at 1.2 1.2 270) (size 0.8 0.8) (layers B.Cu B.Paste B.Mask)
      (net 1 GND) (solder_paste_margin -0.75))
    (pad 57 smd rect (at 0.4 -1.2 270) (size 0.8 0.8) (layers B.Cu B.Paste B.Mask)
      (net 1 GND) (solder_paste_margin -0.75))
    (pad 57 smd rect (at 0.4 -0.4 270) (size 0.8 0.8) (layers B.Cu B.Paste B.Mask)
      (net 1 GND) (solder_paste_margin -0.75))
    (pad 57 smd rect (at 0.4 0.4 270) (size 0.8 0.8) (layers B.Cu B.Paste B.Mask)
      (net 1 GND) (solder_paste_margin -0.75))
    (pad 57 smd rect (at 0.4 1.2 270) (size 0.8 0.8) (layers B.Cu B.Paste B.Mask)
      (net 1 GND) (solder_paste_margin -0.75))
    (pad 57 smd rect (at -0.4 -1.2 270) (size 0.8 0.8) (layers B.Cu B.Paste B.Mask)
      (net 1 GND) (solder_paste_margin -0.75))
    (pad 57 smd rect (at -0.4 -0.4 270) (size 0.8 0.8) (layers B.Cu B.Paste B.Mask)
      (net 1 GND) (solder_paste_margin -0.75))
    (pad 57 smd rect (at -0.4 0.4 270) (size 0.8 0.8) (layers B.Cu B.Paste B.Mask)
      (net 1 GND) (solder_paste_margin -0.75))
    (pad 57 smd rect (at -0.4 1.2 270) (size 0.8 0.8) (layers B.Cu B.Paste B.Mask)
      (net 1 GND) (solder_paste_margin -0.75))
    (pad 57 smd rect (at -1.2 -1.2 270) (size 0.8 0.8) (layers B.Cu B.Paste B.Mask)
      (net 1 GND) (solder_paste_margin -0.75))
    (pad 57 smd rect (at -1.2 -0.4 270) (size 0.8 0.8) (layers B.Cu B.Paste B.Mask)
      (net 1 GND) (solder_paste_margin -0.75))
    (pad 57 smd rect (at -1.2 0.4 270) (size 0.8 0.8) (layers B.Cu B.Paste B.Mask)
      (net 1 GND) (solder_paste_margin -0.75))
    (pad 57 smd rect (at -1.2 1.2 270) (size 0.8 0.8) (layers B.Cu B.Paste B.Mask)
      (net 1 GND) (solder_paste_margin -0.75))
    (pad 56 smd oval (at -2.6 3.4375 270) (size 0.2 0.875) (layers B.Cu B.Paste B.Mask)
      (net 21 /QSPI_CSN))
    (pad 55 smd oval (at -2.2 3.4375 270) (size 0.2 0.875) (layers B.Cu B.Paste B.Mask)
      (net 27 /QSPI_SD1))
    (pad 54 smd oval (at -1.8 3.4375 270) (size 0.2 0.875) (layers B.Cu B.Paste B.Mask)
      (net 26 /QSPI_SD2))
    (pad 53 smd oval (at -1.4 3.4375 270) (size 0.2 0.875) (layers B.Cu B.Paste B.Mask)
      (net 25 /QSPI_SD0))
    (pad 52 smd oval (at -1 3.4375 270) (size 0.2 0.875) (layers B.Cu B.Paste B.Mask)
      (net 24 /QSPI_SCLK))
    (pad 51 smd oval (at -0.6 3.4375 270) (size 0.2 0.875) (layers B.Cu B.Paste B.Mask)
      (net 23 /QSPI_SD3))
    (pad 50 smd oval (at -0.2 3.4375 270) (size 0.2 0.875) (layers B.Cu B.Paste B.Mask)
      (net 5 +1V1))
    (pad 49 smd oval (at 0.2 3.4375 270) (size 0.2 0.875) (layers B.Cu B.Paste B.Mask)
      (net 2 +3V3))
    (pad 48 smd oval (at 0.6 3.4375 270) (size 0.2 0.875) (layers B.Cu B.Paste B.Mask)
      (net 2 +3V3))
    (pad 47 smd oval (at 1 3.4375 270) (size 0.2 0.875) (layers B.Cu B.Paste B.Mask)
      (net 38 /RD+))
    (pad 46 smd oval (at 1.4 3.4375 270) (size 0.2 0.875) (layers B.Cu B.Paste B.Mask)
      (net 37 /RD-))
    (pad 45 smd oval (at 1.8 3.4375 270) (size 0.2 0.875) (layers B.Cu B.Paste B.Mask)
      (net 5 +1V1))
    (pad 44 smd oval (at 2.2 3.4375 270) (size 0.2 0.875) (layers B.Cu B.Paste B.Mask)
      (net 2 +3V3))
    (pad 43 smd oval (at 2.6 3.4375 270) (size 0.2 0.875) (layers B.Cu B.Paste B.Mask)
      (net 2 +3V3))
    (pad 42 smd oval (at 3.4375 2.6 180) (size 0.2 0.875) (layers B.Cu B.Paste B.Mask)
      (net 2 +3V3))
    (pad 41 smd oval (at 3.4375 2.2 180) (size 0.2 0.875) (layers B.Cu B.Paste B.Mask))
    (pad 40 smd oval (at 3.4375 1.8 180) (size 0.2 0.875) (layers B.Cu B.Paste B.Mask))
    (pad 39 smd oval (at 3.4375 1.4 180) (size 0.2 0.875) (layers B.Cu B.Paste B.Mask))
    (pad 38 smd oval (at 3.4375 1 180) (size 0.2 0.875) (layers B.Cu B.Paste B.Mask))
    (pad 37 smd oval (at 3.4375 0.6 180) (size 0.2 0.875) (layers B.Cu B.Paste B.Mask)
      (net 9 /LED))
    (pad 36 smd oval (at 3.4375 0.2 180) (size 0.2 0.875) (layers B.Cu B.Paste B.Mask))
    (pad 35 smd oval (at 3.4375 -0.2 180) (size 0.2 0.875) (layers B.Cu B.Paste B.Mask))
    (pad 34 smd oval (at 3.4375 -0.6 180) (size 0.2 0.875) (layers B.Cu B.Paste B.Mask))
    (pad 33 smd oval (at 3.4375 -1 180) (size 0.2 0.875) (layers B.Cu B.Paste B.Mask)
      (net 2 +3V3))
    (pad 32 smd oval (at 3.4375 -1.4 180) (size 0.2 0.875) (layers B.Cu B.Paste B.Mask))
    (pad 31 smd oval (at 3.4375 -1.8 180) (size 0.2 0.875) (layers B.Cu B.Paste B.Mask)
      (net 14 /~SRST))
    (pad 30 smd oval (at 3.4375 -2.2 180) (size 0.2 0.875) (layers B.Cu B.Paste B.Mask)
      (net 15 /TDO_SWO))
    (pad 29 smd oval (at 3.4375 -2.6 180) (size 0.2 0.875) (layers B.Cu B.Paste B.Mask)
      (net 16 /TCK_SWCLK))
    (pad 28 smd oval (at 2.6 -3.4375 270) (size 0.2 0.875) (layers B.Cu B.Paste B.Mask))
    (pad 27 smd oval (at 2.2 -3.4375 270) (size 0.2 0.875) (layers B.Cu B.Paste B.Mask))
    (pad 26 smd oval (at 1.8 -3.4375 270) (size 0.2 0.875) (layers B.Cu B.Paste B.Mask)
      (net 39 "Net-(C7-Pad1)"))
    (pad 25 smd oval (at 1.4 -3.4375 270) (size 0.2 0.875) (layers B.Cu B.Paste B.Mask))
    (pad 24 smd oval (at 1 -3.4375 270) (size 0.2 0.875) (layers B.Cu B.Paste B.Mask))
    (pad 23 smd oval (at 0.6 -3.4375 270) (size 0.2 0.875) (layers B.Cu B.Paste B.Mask)
      (net 5 +1V1))
    (pad 22 smd oval (at 0.2 -3.4375 270) (size 0.2 0.875) (layers B.Cu B.Paste B.Mask)
      (net 2 +3V3))
    (pad 21 smd oval (at -0.2 -3.4375 270) (size 0.2 0.875) (layers B.Cu B.Paste B.Mask))
    (pad 20 smd oval (at -0.6 -3.4375 270) (size 0.2 0.875) (layers B.Cu B.Paste B.Mask)
      (net 22 /XIN))
    (pad 19 smd oval (at -1 -3.4375 270) (size 0.2 0.875) (layers B.Cu B.Paste B.Mask)
      (net 1 GND))
    (pad 18 smd oval (at -1.4 -3.4375 270) (size 0.2 0.875) (layers B.Cu B.Paste B.Mask))
    (pad 17 smd oval (at -1.8 -3.4375 270) (size 0.2 0.875) (layers B.Cu B.Paste B.Mask))
    (pad 16 smd oval (at -2.2 -3.4375 270) (size 0.2 0.875) (layers B.Cu B.Paste B.Mask))
    (pad 15 smd oval (at -2.6 -3.4375 270) (size 0.2 0.875) (layers B.Cu B.Paste B.Mask))
    (pad 14 smd oval (at -3.4375 -2.6 180) (size 0.2 0.875) (layers B.Cu B.Paste B.Mask)
      (net 17 /TMS_SWDIO))
    (pad 13 smd oval (at -3.4375 -2.2 180) (size 0.2 0.875) (layers B.Cu B.Paste B.Mask)
      (net 18 /TDI))
    (pad 12 smd oval (at -3.4375 -1.8 180) (size 0.2 0.875) (layers B.Cu B.Paste B.Mask)
      (net 19 /~TRST))
    (pad 11 smd oval (at -3.4375 -1.4 180) (size 0.2 0.875) (layers B.Cu B.Paste B.Mask))
    (pad 10 smd oval (at -3.4375 -1 180) (size 0.2 0.875) (layers B.Cu B.Paste B.Mask)
      (net 2 +3V3))
    (pad 9 smd oval (at -3.4375 -0.6 180) (size 0.2 0.875) (layers B.Cu B.Paste B.Mask))
    (pad 8 smd oval (at -3.4375 -0.2 180) (size 0.2 0.875) (layers B.Cu B.Paste B.Mask))
    (pad 7 smd oval (at -3.4375 0.2 180) (size 0.2 0.875) (layers B.Cu B.Paste B.Mask))
    (pad 6 smd oval (at -3.4375 0.6 180) (size 0.2 0.875) (layers B.Cu B.Paste B.Mask))
    (pad 5 smd oval (at -3.4375 1 180) (size 0.2 0.875) (layers B.Cu B.Paste B.Mask))
    (pad 4 smd oval (at -3.4375 1.4 180) (size 0.2 0.875) (layers B.Cu B.Paste B.Mask))
    (pad 3 smd oval (at -3.4375 1.8 180) (size 0.2 0.875) (layers B.Cu B.Paste B.Mask)
      (net 12 /UART_TX))
    (pad 2 smd oval (at -3.4375 2.2 180) (size 0.2 0.875) (layers B.Cu B.Paste B.Mask)
      (net 13 /UART_RX))
    (pad 1 smd oval (at -3.4375 2.6 180) (size 0.2 0.875) (layers B.Cu B.Paste B.Mask)
      (net 2 +3V3))
  )

  (module TestPoint:TestPoint_Pad_D1.0mm (layer B.Cu) (tedit 5A0F774F) (tstamp 6286FB7E)
    (at 103.69 58.82)
    (descr "SMD pad as test Point, diameter 1.0mm")
    (tags "test point SMD pad")
    (path /62956254)
    (attr virtual)
    (fp_text reference TP10 (at 0 1.448) (layer B.SilkS)
      (effects (font (size 1 1) (thickness 0.15)) (justify mirror))
    )
    (fp_text value TestPoint (at 0 -1.55) (layer B.Fab)
      (effects (font (size 1 1) (thickness 0.15)) (justify mirror))
    )
    (fp_circle (center 0 0) (end 0 -0.7) (layer B.SilkS) (width 0.12))
    (fp_circle (center 0 0) (end 1 0) (layer B.CrtYd) (width 0.05))
    (fp_text user %R (at 0 1.45) (layer B.Fab)
      (effects (font (size 1 1) (thickness 0.15)) (justify mirror))
    )
    (pad 1 smd circle (at 0 0) (size 1 1) (layers B.Cu B.Mask)
      (net 1 GND))
  )

  (module TestPoint:TestPoint_Pad_D1.0mm (layer B.Cu) (tedit 5A0F774F) (tstamp 6286FB76)
    (at 117.64 58.37)
    (descr "SMD pad as test Point, diameter 1.0mm")
    (tags "test point SMD pad")
    (path /62892337)
    (attr virtual)
    (fp_text reference TP9 (at -0.12 -1.73) (layer B.SilkS) hide
      (effects (font (size 1 1) (thickness 0.15)) (justify mirror))
    )
    (fp_text value TestPoint (at 0 -1.55) (layer B.Fab)
      (effects (font (size 1 1) (thickness 0.15)) (justify mirror))
    )
    (fp_circle (center 0 0) (end 0 -0.7) (layer B.SilkS) (width 0.12))
    (fp_circle (center 0 0) (end 1 0) (layer B.CrtYd) (width 0.05))
    (fp_text user %R (at 0 1.45) (layer B.Fab)
      (effects (font (size 1 1) (thickness 0.15)) (justify mirror))
    )
    (pad 1 smd circle (at 0 0) (size 1 1) (layers B.Cu B.Mask)
      (net 12 /UART_TX))
  )

  (module TestPoint:TestPoint_Pad_D1.0mm (layer B.Cu) (tedit 5A0F774F) (tstamp 6286FB6E)
    (at 115.84 59.34)
    (descr "SMD pad as test Point, diameter 1.0mm")
    (tags "test point SMD pad")
    (path /6289164D)
    (attr virtual)
    (fp_text reference TP8 (at 0 1.448) (layer B.SilkS) hide
      (effects (font (size 1 1) (thickness 0.15)) (justify mirror))
    )
    (fp_text value TestPoint (at 0 -1.55) (layer B.Fab)
      (effects (font (size 1 1) (thickness 0.15)) (justify mirror))
    )
    (fp_circle (center 0 0) (end 0 -0.7) (layer B.SilkS) (width 0.12))
    (fp_circle (center 0 0) (end 1 0) (layer B.CrtYd) (width 0.05))
    (fp_text user %R (at 0 1.45) (layer B.Fab)
      (effects (font (size 1 1) (thickness 0.15)) (justify mirror))
    )
    (pad 1 smd circle (at 0 0) (size 1 1) (layers B.Cu B.Mask)
      (net 13 /UART_RX))
  )

  (module Resistor_SMD:R_0603_1608Metric (layer B.Cu) (tedit 5F68FEEE) (tstamp 628A1602)
    (at 124.13 64.76 180)
    (descr "Resistor SMD 0603 (1608 Metric), square (rectangular) end terminal, IPC_7351 nominal, (Body size source: IPC-SM-782 page 72, https://www.pcb-3d.com/wordpress/wp-content/uploads/ipc-sm-782a_amendment_1_and_2.pdf), generated with kicad-footprint-generator")
    (tags resistor)
    (path /628342A2)
    (attr smd)
    (fp_text reference R12 (at -3.92 0.58) (layer B.SilkS)
      (effects (font (size 1 1) (thickness 0.15)) (justify mirror))
    )
    (fp_text value 0 (at 0 -1.43) (layer B.Fab)
      (effects (font (size 1 1) (thickness 0.15)) (justify mirror))
    )
    (fp_line (start 1.48 -0.73) (end -1.48 -0.73) (layer B.CrtYd) (width 0.05))
    (fp_line (start 1.48 0.73) (end 1.48 -0.73) (layer B.CrtYd) (width 0.05))
    (fp_line (start -1.48 0.73) (end 1.48 0.73) (layer B.CrtYd) (width 0.05))
    (fp_line (start -1.48 -0.73) (end -1.48 0.73) (layer B.CrtYd) (width 0.05))
    (fp_line (start -0.237258 -0.5225) (end 0.237258 -0.5225) (layer B.SilkS) (width 0.12))
    (fp_line (start -0.237258 0.5225) (end 0.237258 0.5225) (layer B.SilkS) (width 0.12))
    (fp_line (start 0.8 -0.4125) (end -0.8 -0.4125) (layer B.Fab) (width 0.1))
    (fp_line (start 0.8 0.4125) (end 0.8 -0.4125) (layer B.Fab) (width 0.1))
    (fp_line (start -0.8 0.4125) (end 0.8 0.4125) (layer B.Fab) (width 0.1))
    (fp_line (start -0.8 -0.4125) (end -0.8 0.4125) (layer B.Fab) (width 0.1))
    (fp_text user %R (at 0 0) (layer B.Fab)
      (effects (font (size 0.4 0.4) (thickness 0.06)) (justify mirror))
    )
    (pad 2 smd roundrect (at 0.825 0 180) (size 0.8 0.95) (layers B.Cu B.Paste B.Mask) (roundrect_rratio 0.25)
      (net 22 /XIN))
    (pad 1 smd roundrect (at -0.825 0 180) (size 0.8 0.95) (layers B.Cu B.Paste B.Mask) (roundrect_rratio 0.25)
      (net 40 "Net-(R12-Pad1)"))
    (model ${KISYS3DMOD}/Resistor_SMD.3dshapes/R_0603_1608Metric.wrl
      (at (xyz 0 0 0))
      (scale (xyz 1 1 1))
      (rotate (xyz 0 0 0))
    )
  )

  (module Connector_PinHeader_2.54mm:PinHeader_1x02_P2.54mm_Vertical (layer F.Cu) (tedit 59FED5CC) (tstamp 6286F891)
    (at 123.98 52.35 270)
    (descr "Through hole straight pin header, 1x02, 2.54mm pitch, single row")
    (tags "Through hole pin header THT 1x02 2.54mm single row")
    (path /6287C50C)
    (fp_text reference J2 (at -0.1 -2.67 180) (layer F.SilkS)
      (effects (font (size 1 1) (thickness 0.15)))
    )
    (fp_text value BOOT (at 0 4.87 90) (layer F.Fab)
      (effects (font (size 1 1) (thickness 0.15)))
    )
    (fp_line (start 1.8 -1.8) (end -1.8 -1.8) (layer F.CrtYd) (width 0.05))
    (fp_line (start 1.8 4.35) (end 1.8 -1.8) (layer F.CrtYd) (width 0.05))
    (fp_line (start -1.8 4.35) (end 1.8 4.35) (layer F.CrtYd) (width 0.05))
    (fp_line (start -1.8 -1.8) (end -1.8 4.35) (layer F.CrtYd) (width 0.05))
    (fp_line (start -1.33 -1.33) (end 0 -1.33) (layer F.SilkS) (width 0.12))
    (fp_line (start -1.33 0) (end -1.33 -1.33) (layer F.SilkS) (width 0.12))
    (fp_line (start -1.33 1.27) (end 1.33 1.27) (layer F.SilkS) (width 0.12))
    (fp_line (start 1.33 1.27) (end 1.33 3.87) (layer F.SilkS) (width 0.12))
    (fp_line (start -1.33 1.27) (end -1.33 3.87) (layer F.SilkS) (width 0.12))
    (fp_line (start -1.33 3.87) (end 1.33 3.87) (layer F.SilkS) (width 0.12))
    (fp_line (start -1.27 -0.635) (end -0.635 -1.27) (layer F.Fab) (width 0.1))
    (fp_line (start -1.27 3.81) (end -1.27 -0.635) (layer F.Fab) (width 0.1))
    (fp_line (start 1.27 3.81) (end -1.27 3.81) (layer F.Fab) (width 0.1))
    (fp_line (start 1.27 -1.27) (end 1.27 3.81) (layer F.Fab) (width 0.1))
    (fp_line (start -0.635 -1.27) (end 1.27 -1.27) (layer F.Fab) (width 0.1))
    (fp_text user %R (at 0 1.27) (layer F.Fab)
      (effects (font (size 1 1) (thickness 0.15)))
    )
    (pad 2 thru_hole oval (at 0 2.54 270) (size 1.7 1.7) (drill 1) (layers *.Cu *.Mask)
      (net 21 /QSPI_CSN))
    (pad 1 thru_hole rect (at 0 0 270) (size 1.7 1.7) (drill 1) (layers *.Cu *.Mask)
      (net 1 GND))
    (model ${KISYS3DMOD}/Connector_PinHeader_2.54mm.3dshapes/PinHeader_1x02_P2.54mm_Vertical.wrl
      (at (xyz 0 0 0))
      (scale (xyz 1 1 1))
      (rotate (xyz 0 0 0))
    )
  )

  (module Package_SO:SOIC-8_5.23x5.23mm_P1.27mm (layer B.Cu) (tedit 5D9F72B1) (tstamp 62568E50)
    (at 111.98 54.25 180)
    (descr "SOIC, 8 Pin (http://www.winbond.com/resource-files/w25q32jv%20revg%2003272018%20plus.pdf#page=68), generated with kicad-footprint-generator ipc_gullwing_generator.py")
    (tags "SOIC SO")
    (path /62567E81)
    (attr smd)
    (fp_text reference U2 (at -0.02 -3.72) (layer B.SilkS)
      (effects (font (size 1 1) (thickness 0.15)) (justify mirror))
    )
    (fp_text value W25Q16JVSSIM (at 0 -3.56) (layer B.Fab)
      (effects (font (size 1 1) (thickness 0.15)) (justify mirror))
    )
    (fp_line (start 4.65 2.86) (end -4.65 2.86) (layer B.CrtYd) (width 0.05))
    (fp_line (start 4.65 -2.86) (end 4.65 2.86) (layer B.CrtYd) (width 0.05))
    (fp_line (start -4.65 -2.86) (end 4.65 -2.86) (layer B.CrtYd) (width 0.05))
    (fp_line (start -4.65 2.86) (end -4.65 -2.86) (layer B.CrtYd) (width 0.05))
    (fp_line (start -2.615 1.615) (end -1.615 2.615) (layer B.Fab) (width 0.1))
    (fp_line (start -2.615 -2.615) (end -2.615 1.615) (layer B.Fab) (width 0.1))
    (fp_line (start 2.615 -2.615) (end -2.615 -2.615) (layer B.Fab) (width 0.1))
    (fp_line (start 2.615 2.615) (end 2.615 -2.615) (layer B.Fab) (width 0.1))
    (fp_line (start -1.615 2.615) (end 2.615 2.615) (layer B.Fab) (width 0.1))
    (fp_line (start -2.725 2.465) (end -4.4 2.465) (layer B.SilkS) (width 0.12))
    (fp_line (start -2.725 2.725) (end -2.725 2.465) (layer B.SilkS) (width 0.12))
    (fp_line (start 0 2.725) (end -2.725 2.725) (layer B.SilkS) (width 0.12))
    (fp_line (start 2.725 2.725) (end 2.725 2.465) (layer B.SilkS) (width 0.12))
    (fp_line (start 0 2.725) (end 2.725 2.725) (layer B.SilkS) (width 0.12))
    (fp_line (start -2.725 -2.725) (end -2.725 -2.465) (layer B.SilkS) (width 0.12))
    (fp_line (start 0 -2.725) (end -2.725 -2.725) (layer B.SilkS) (width 0.12))
    (fp_line (start 2.725 -2.725) (end 2.725 -2.465) (layer B.SilkS) (width 0.12))
    (fp_line (start 0 -2.725) (end 2.725 -2.725) (layer B.SilkS) (width 0.12))
    (pad 8 smd roundrect (at 3.6 1.905 180) (size 1.6 0.6) (layers B.Cu B.Paste B.Mask) (roundrect_rratio 0.25)
      (net 2 +3V3))
    (pad 7 smd roundrect (at 3.6 0.635 180) (size 1.6 0.6) (layers B.Cu B.Paste B.Mask) (roundrect_rratio 0.25)
      (net 23 /QSPI_SD3))
    (pad 6 smd roundrect (at 3.6 -0.635 180) (size 1.6 0.6) (layers B.Cu B.Paste B.Mask) (roundrect_rratio 0.25)
      (net 24 /QSPI_SCLK))
    (pad 5 smd roundrect (at 3.6 -1.905 180) (size 1.6 0.6) (layers B.Cu B.Paste B.Mask) (roundrect_rratio 0.25)
      (net 25 /QSPI_SD0))
    (pad 4 smd roundrect (at -3.6 -1.905 180) (size 1.6 0.6) (layers B.Cu B.Paste B.Mask) (roundrect_rratio 0.25)
      (net 1 GND))
    (pad 3 smd roundrect (at -3.6 -0.635 180) (size 1.6 0.6) (layers B.Cu B.Paste B.Mask) (roundrect_rratio 0.25)
      (net 26 /QSPI_SD2))
    (pad 2 smd roundrect (at -3.6 0.635 180) (size 1.6 0.6) (layers B.Cu B.Paste B.Mask) (roundrect_rratio 0.25)
      (net 27 /QSPI_SD1))
    (pad 1 smd roundrect (at -3.6 1.905 180) (size 1.6 0.6) (layers B.Cu B.Paste B.Mask) (roundrect_rratio 0.25)
      (net 21 /QSPI_CSN))
    (model ${KISYS3DMOD}/Package_SO.3dshapes/SOIC-8_5.23x5.23mm_P1.27mm.wrl
      (at (xyz 0 0 0))
      (scale (xyz 1 1 1))
      (rotate (xyz 0 0 0))
    )
  )

  (module TestPoint:TestPoint_Pad_D1.0mm (layer F.Cu) (tedit 5A0F774F) (tstamp 62526BDC)
    (at 108.7 78.67)
    (descr "SMD pad as test Point, diameter 1.0mm")
    (tags "test point SMD pad")
    (path /627E32E0)
    (attr virtual)
    (fp_text reference TP1 (at -2.16 -0.82) (layer F.SilkS)
      (effects (font (size 1 1) (thickness 0.15)))
    )
    (fp_text value TestPoint (at 0 1.55) (layer F.Fab)
      (effects (font (size 1 1) (thickness 0.15)))
    )
    (fp_circle (center 0 0) (end 1 0) (layer F.CrtYd) (width 0.05))
    (fp_circle (center 0 0) (end 0 0.7) (layer F.SilkS) (width 0.12))
    (fp_text user %R (at 0 -1.45) (layer F.Fab)
      (effects (font (size 1 1) (thickness 0.15)))
    )
    (pad 1 smd circle (at 0 0) (size 1 1) (layers F.Cu F.Mask)
      (net 36 "Net-(D2-Pad1)"))
  )

  (module Resistor_SMD:R_0603_1608Metric (layer B.Cu) (tedit 5F68FEEE) (tstamp 624FDB43)
    (at 121.12 58.84 90)
    (descr "Resistor SMD 0603 (1608 Metric), square (rectangular) end terminal, IPC_7351 nominal, (Body size source: IPC-SM-782 page 72, https://www.pcb-3d.com/wordpress/wp-content/uploads/ipc-sm-782a_amendment_1_and_2.pdf), generated with kicad-footprint-generator")
    (tags resistor)
    (path /625BC059)
    (attr smd)
    (fp_text reference R16 (at 2.9 0.03 90) (layer B.SilkS)
      (effects (font (size 1 1) (thickness 0.15)) (justify mirror))
    )
    (fp_text value 0 (at 0 -1.43 90) (layer B.Fab)
      (effects (font (size 1 1) (thickness 0.15)) (justify mirror))
    )
    (fp_line (start -0.8 -0.4125) (end -0.8 0.4125) (layer B.Fab) (width 0.1))
    (fp_line (start -0.8 0.4125) (end 0.8 0.4125) (layer B.Fab) (width 0.1))
    (fp_line (start 0.8 0.4125) (end 0.8 -0.4125) (layer B.Fab) (width 0.1))
    (fp_line (start 0.8 -0.4125) (end -0.8 -0.4125) (layer B.Fab) (width 0.1))
    (fp_line (start -0.237258 0.5225) (end 0.237258 0.5225) (layer B.SilkS) (width 0.12))
    (fp_line (start -0.237258 -0.5225) (end 0.237258 -0.5225) (layer B.SilkS) (width 0.12))
    (fp_line (start -1.48 -0.73) (end -1.48 0.73) (layer B.CrtYd) (width 0.05))
    (fp_line (start -1.48 0.73) (end 1.48 0.73) (layer B.CrtYd) (width 0.05))
    (fp_line (start 1.48 0.73) (end 1.48 -0.73) (layer B.CrtYd) (width 0.05))
    (fp_line (start 1.48 -0.73) (end -1.48 -0.73) (layer B.CrtYd) (width 0.05))
    (fp_text user %R (at 0 0 90) (layer B.Fab)
      (effects (font (size 0.4 0.4) (thickness 0.06)) (justify mirror))
    )
    (pad 1 smd roundrect (at -0.825 0 90) (size 0.8 0.95) (layers B.Cu B.Paste B.Mask) (roundrect_rratio 0.25)
      (net 18 /TDI))
    (pad 2 smd roundrect (at 0.825 0 90) (size 0.8 0.95) (layers B.Cu B.Paste B.Mask) (roundrect_rratio 0.25)
      (net 34 "Net-(J4-Pad5)"))
    (model ${KISYS3DMOD}/Resistor_SMD.3dshapes/R_0603_1608Metric.wrl
      (at (xyz 0 0 0))
      (scale (xyz 1 1 1))
      (rotate (xyz 0 0 0))
    )
  )

  (module Resistor_SMD:R_0603_1608Metric (layer B.Cu) (tedit 5F68FEEE) (tstamp 6257762F)
    (at 122.51 74.02)
    (descr "Resistor SMD 0603 (1608 Metric), square (rectangular) end terminal, IPC_7351 nominal, (Body size source: IPC-SM-782 page 72, https://www.pcb-3d.com/wordpress/wp-content/uploads/ipc-sm-782a_amendment_1_and_2.pdf), generated with kicad-footprint-generator")
    (tags resistor)
    (path /625BBE34)
    (attr smd)
    (fp_text reference R15 (at 3 0.02) (layer B.SilkS)
      (effects (font (size 1 1) (thickness 0.15)) (justify mirror))
    )
    (fp_text value 0 (at 0 -1.43) (layer B.Fab)
      (effects (font (size 1 1) (thickness 0.15)) (justify mirror))
    )
    (fp_line (start 1.48 -0.73) (end -1.48 -0.73) (layer B.CrtYd) (width 0.05))
    (fp_line (start 1.48 0.73) (end 1.48 -0.73) (layer B.CrtYd) (width 0.05))
    (fp_line (start -1.48 0.73) (end 1.48 0.73) (layer B.CrtYd) (width 0.05))
    (fp_line (start -1.48 -0.73) (end -1.48 0.73) (layer B.CrtYd) (width 0.05))
    (fp_line (start -0.237258 -0.5225) (end 0.237258 -0.5225) (layer B.SilkS) (width 0.12))
    (fp_line (start -0.237258 0.5225) (end 0.237258 0.5225) (layer B.SilkS) (width 0.12))
    (fp_line (start 0.8 -0.4125) (end -0.8 -0.4125) (layer B.Fab) (width 0.1))
    (fp_line (start 0.8 0.4125) (end 0.8 -0.4125) (layer B.Fab) (width 0.1))
    (fp_line (start -0.8 0.4125) (end 0.8 0.4125) (layer B.Fab) (width 0.1))
    (fp_line (start -0.8 -0.4125) (end -0.8 0.4125) (layer B.Fab) (width 0.1))
    (fp_text user %R (at 0 0) (layer B.Fab)
      (effects (font (size 0.4 0.4) (thickness 0.06)) (justify mirror))
    )
    (pad 2 smd roundrect (at 0.825 0) (size 0.8 0.95) (layers B.Cu B.Paste B.Mask) (roundrect_rratio 0.25)
      (net 31 "Net-(J4-Pad13)"))
    (pad 1 smd roundrect (at -0.825 0) (size 0.8 0.95) (layers B.Cu B.Paste B.Mask) (roundrect_rratio 0.25)
      (net 15 /TDO_SWO))
    (model ${KISYS3DMOD}/Resistor_SMD.3dshapes/R_0603_1608Metric.wrl
      (at (xyz 0 0 0))
      (scale (xyz 1 1 1))
      (rotate (xyz 0 0 0))
    )
  )

  (module Resistor_SMD:R_0603_1608Metric (layer B.Cu) (tedit 5F68FEEE) (tstamp 625756E9)
    (at 122.63 58.83 90)
    (descr "Resistor SMD 0603 (1608 Metric), square (rectangular) end terminal, IPC_7351 nominal, (Body size source: IPC-SM-782 page 72, https://www.pcb-3d.com/wordpress/wp-content/uploads/ipc-sm-782a_amendment_1_and_2.pdf), generated with kicad-footprint-generator")
    (tags resistor)
    (path /625BBB92)
    (attr smd)
    (fp_text reference R14 (at 2.92 -0.09 90) (layer B.SilkS)
      (effects (font (size 1 1) (thickness 0.15)) (justify mirror))
    )
    (fp_text value 0 (at 0 -1.43 90) (layer B.Fab)
      (effects (font (size 1 1) (thickness 0.15)) (justify mirror))
    )
    (fp_line (start -0.8 -0.4125) (end -0.8 0.4125) (layer B.Fab) (width 0.1))
    (fp_line (start -0.8 0.4125) (end 0.8 0.4125) (layer B.Fab) (width 0.1))
    (fp_line (start 0.8 0.4125) (end 0.8 -0.4125) (layer B.Fab) (width 0.1))
    (fp_line (start 0.8 -0.4125) (end -0.8 -0.4125) (layer B.Fab) (width 0.1))
    (fp_line (start -0.237258 0.5225) (end 0.237258 0.5225) (layer B.SilkS) (width 0.12))
    (fp_line (start -0.237258 -0.5225) (end 0.237258 -0.5225) (layer B.SilkS) (width 0.12))
    (fp_line (start -1.48 -0.73) (end -1.48 0.73) (layer B.CrtYd) (width 0.05))
    (fp_line (start -1.48 0.73) (end 1.48 0.73) (layer B.CrtYd) (width 0.05))
    (fp_line (start 1.48 0.73) (end 1.48 -0.73) (layer B.CrtYd) (width 0.05))
    (fp_line (start 1.48 -0.73) (end -1.48 -0.73) (layer B.CrtYd) (width 0.05))
    (fp_text user %R (at 0 0 90) (layer B.Fab)
      (effects (font (size 0.4 0.4) (thickness 0.06)) (justify mirror))
    )
    (pad 1 smd roundrect (at -0.825 0 90) (size 0.8 0.95) (layers B.Cu B.Paste B.Mask) (roundrect_rratio 0.25)
      (net 17 /TMS_SWDIO))
    (pad 2 smd roundrect (at 0.825 0 90) (size 0.8 0.95) (layers B.Cu B.Paste B.Mask) (roundrect_rratio 0.25)
      (net 33 "Net-(J4-Pad7)"))
    (model ${KISYS3DMOD}/Resistor_SMD.3dshapes/R_0603_1608Metric.wrl
      (at (xyz 0 0 0))
      (scale (xyz 1 1 1))
      (rotate (xyz 0 0 0))
    )
  )

  (module Resistor_SMD:R_0603_1608Metric (layer B.Cu) (tedit 5F68FEEE) (tstamp 6287063D)
    (at 122.5 71.94)
    (descr "Resistor SMD 0603 (1608 Metric), square (rectangular) end terminal, IPC_7351 nominal, (Body size source: IPC-SM-782 page 72, https://www.pcb-3d.com/wordpress/wp-content/uploads/ipc-sm-782a_amendment_1_and_2.pdf), generated with kicad-footprint-generator")
    (tags resistor)
    (path /625BB90F)
    (attr smd)
    (fp_text reference R13 (at 2.87 0.06) (layer B.SilkS)
      (effects (font (size 1 1) (thickness 0.15)) (justify mirror))
    )
    (fp_text value 0 (at 0 -1.43) (layer B.Fab)
      (effects (font (size 1 1) (thickness 0.15)) (justify mirror))
    )
    (fp_line (start 1.48 -0.73) (end -1.48 -0.73) (layer B.CrtYd) (width 0.05))
    (fp_line (start 1.48 0.73) (end 1.48 -0.73) (layer B.CrtYd) (width 0.05))
    (fp_line (start -1.48 0.73) (end 1.48 0.73) (layer B.CrtYd) (width 0.05))
    (fp_line (start -1.48 -0.73) (end -1.48 0.73) (layer B.CrtYd) (width 0.05))
    (fp_line (start -0.237258 -0.5225) (end 0.237258 -0.5225) (layer B.SilkS) (width 0.12))
    (fp_line (start -0.237258 0.5225) (end 0.237258 0.5225) (layer B.SilkS) (width 0.12))
    (fp_line (start 0.8 -0.4125) (end -0.8 -0.4125) (layer B.Fab) (width 0.1))
    (fp_line (start 0.8 0.4125) (end 0.8 -0.4125) (layer B.Fab) (width 0.1))
    (fp_line (start -0.8 0.4125) (end 0.8 0.4125) (layer B.Fab) (width 0.1))
    (fp_line (start -0.8 -0.4125) (end -0.8 0.4125) (layer B.Fab) (width 0.1))
    (fp_text user %R (at 0 0) (layer B.Fab)
      (effects (font (size 0.4 0.4) (thickness 0.06)) (justify mirror))
    )
    (pad 2 smd roundrect (at 0.825 0) (size 0.8 0.95) (layers B.Cu B.Paste B.Mask) (roundrect_rratio 0.25)
      (net 32 "Net-(J4-Pad9)"))
    (pad 1 smd roundrect (at -0.825 0) (size 0.8 0.95) (layers B.Cu B.Paste B.Mask) (roundrect_rratio 0.25)
      (net 16 /TCK_SWCLK))
    (model ${KISYS3DMOD}/Resistor_SMD.3dshapes/R_0603_1608Metric.wrl
      (at (xyz 0 0 0))
      (scale (xyz 1 1 1))
      (rotate (xyz 0 0 0))
    )
  )

  (module Resistor_SMD:R_0603_1608Metric (layer B.Cu) (tedit 5F68FEEE) (tstamp 624FF118)
    (at 122.52 76.02)
    (descr "Resistor SMD 0603 (1608 Metric), square (rectangular) end terminal, IPC_7351 nominal, (Body size source: IPC-SM-782 page 72, https://www.pcb-3d.com/wordpress/wp-content/uploads/ipc-sm-782a_amendment_1_and_2.pdf), generated with kicad-footprint-generator")
    (tags resistor)
    (path /62513635)
    (attr smd)
    (fp_text reference R11 (at 2.91 0.01) (layer B.SilkS)
      (effects (font (size 1 1) (thickness 0.15)) (justify mirror))
    )
    (fp_text value 0 (at 0 -1.43) (layer B.Fab)
      (effects (font (size 1 1) (thickness 0.15)) (justify mirror))
    )
    (fp_line (start 1.48 -0.73) (end -1.48 -0.73) (layer B.CrtYd) (width 0.05))
    (fp_line (start 1.48 0.73) (end 1.48 -0.73) (layer B.CrtYd) (width 0.05))
    (fp_line (start -1.48 0.73) (end 1.48 0.73) (layer B.CrtYd) (width 0.05))
    (fp_line (start -1.48 -0.73) (end -1.48 0.73) (layer B.CrtYd) (width 0.05))
    (fp_line (start -0.237258 -0.5225) (end 0.237258 -0.5225) (layer B.SilkS) (width 0.12))
